index, salutary label, ground truth
11,1,8
13,5,7
14,7,4
20,7,5
24,7,4
26,6,2
32,0,4
38,0,2
39,6,4
42,7,4
49,6,2
52,7,4
60,6,5
62,1,9
66,1,9
83,6,4
98,5,3
101,5,2
108,7,5
115,9,1
116,3,0
117,4,2
134,5,3
137,1,0
144,4,2
169,1,9
178,7,4
183,6,2
191,6,1
194,8,4
208,5,3
210,5,3
213,7,4
217,3,2
222,4,3
224,7,2
229,6,3
235,7,4
241,5,7
254,0,2
257,8,0
267,5,3
271,0,4
281,1,2
294,5,7
303,6,2
311,8,7
316,0,2
326,5,3
328,7,4
340,1,6
369,0,6
372,7,4
377,6,2
379,5,7
386,6,2
389,1,9
392,8,6
400,4,2
405,5,7
406,4,6
432,9,0
439,5,3
445,6,2
472,7,4
483,9,3
484,6,0
488,0,9
491,5,7
510,8,3
511,5,0
517,4,2
522,7,4
533,8,0
541,4,2
548,7,3
553,8,1
559,7,4
560,5,7
569,7,4
580,7,2
588,6,4
592,7,4
607,4,2
616,5,3
621,6,4
623,8,0
626,1,9
634,0,4
635,8,6
638,8,0
644,7,4
648,0,2
650,6,3
658,3,5
664,5,3
671,0,2
675,7,2
680,9,2
689,3,5
695,8,9
704,6,4
712,7,0
736,7,4
737,8,0
757,1,7
765,0,8
767,5,2
769,1,9
778,8,1
788,0,2
791,6,2
802,0,2
803,5,7
807,5,3
817,6,3
818,7,4
822,5,3
843,8,0
845,0,4
847,1,9
854,9,1
857,8,0
864,5,3
865,5,3
871,7,3
876,0,2
885,6,4
891,5,3
893,2,3
904,7,4
922,2,4
935,7,4
941,2,4
943,9,7
944,5,3
949,6,3
951,3,0
959,1,8
970,2,3
975,1,8
978,9,2
980,6,2
1001,7,6
1004,6,2
1009,7,4
1017,2,6
1021,7,4
1024,5,3
1032,6,2
1044,6,3
1066,7,4
1072,1,9
1082,5,7
1084,6,0
1086,5,3
1092,5,3
1096,1,2
1103,5,3
1105,6,3
1106,0,7
1110,1,9
1112,7,5
1118,2,3
1126,1,0
1128,2,6
1129,6,2
1134,2,0
1142,6,3
1146,3,5
1150,6,7
1170,8,0
1189,0,4
1192,7,4
1201,7,2
1217,6,3
1225,7,4
1228,7,4
1235,5,3
1245,6,4
1246,1,9
1253,2,0
1256,0,4
1260,0,4
1262,7,4
1266,0,2
1271,7,4
1280,4,2
1288,7,4
1290,1,8
1293,0,2
1315,2,4
1322,0,2
1331,8,2
1340,6,3
1349,6,3
1357,6,7
1377,5,3
1378,9,3
1385,2,0
1393,0,2
1408,7,5
1416,6,0
1421,3,2
1425,8,3
1431,6,3
1434,5,1
1438,7,4
1445,3,2
1447,5,3
1449,0,2
1451,7,4
1463,6,2
1472,0,2
1475,5,3
1476,7,9
1481,7,5
1495,4,5
1511,5,3
1516,7,4
1518,5,2
1523,5,7
1536,6,7
1538,0,4
1550,7,5
1561,2,3
1582,1,8
1583,7,2
1586,1,9
1587,3,7
1591,2,4
1598,4,2
1607,5,3
1617,6,4
1620,7,2
1627,5,7
1631,0,3
1646,3,5
1648,9,0
1658,8,9
1668,6,0
1669,0,2
1670,5,3
1672,7,4
1685,2,4
1699,2,5
1700,6,3
1707,5,3
1710,7,4
1713,8,2
1714,6,2
1715,4,5
1723,1,8
1731,5,3
1737,7,4
1755,5,6
1773,6,2
1781,7,4
1785,6,2
1786,6,3
1788,8,0
1793,5,7
1815,3,8
1819,0,8
1835,0,8
1837,1,9
1845,0,4
1846,2,6
1870,0,2
1879,4,5
1888,6,2
1889,1,9
1900,1,9
1913,9,0
1919,0,2
1940,7,4
1945,5,2
1952,7,4
1954,7,5
1958,7,4
1965,7,3
1984,6,4
1989,6,4
2023,6,2
2030,1,9
2031,0,2
2036,5,3
2046,5,7
2052,7,4
2067,2,3
2069,0,3
2071,7,5
2079,2,4
2085,2,5
2089,6,3
2092,7,4
2095,6,2
2106,3,6
2111,4,2
2112,3,5
2124,5,3
2139,4,2
2143,5,7
2150,7,4
2160,7,5
2161,5,3
2163,5,3
2175,7,4
2189,0,2
2190,6,2
2200,3,7
2201,0,7
2207,3,2
2225,0,2
2231,1,5
2234,4,5
2237,1,9
2250,7,2
2251,6,2
2253,5,1
2259,5,3
2265,3,4
2270,8,9
2286,7,4
2288,7,4
2292,5,3
2305,6,2
2306,7,0
2327,5,6
2330,5,7
2350,7,4
2351,5,3
2371,6,3
2378,4,3
2381,9,1
2386,5,3
2388,7,2
2394,5,3
2396,7,2
2397,4,0
2404,6,2
2410,2,6
2411,1,8
2414,3,7
2429,3,7
2433,3,5
2434,5,7
2437,7,4
2446,3,4
2458,5,3
2463,7,4
2465,6,2
2469,7,4
2481,0,2
2482,5,3
2485,7,4
2506,3,5
2511,7,4
2516,5,2
2531,5,4
2537,5,3
2541,1,8
2559,6,2
2569,7,0
2580,7,4
2582,6,5
2583,8,0
2584,6,3
2585,3,5
2591,7,5
2596,5,3
2615,7,4
2623,7,5
2628,8,2
2633,7,5
2641,7,5
2643,1,9
2653,0,4
2665,7,4
2680,4,7
2688,7,4
2691,0,2
2714,5,3
2724,4,0
2758,4,3
2759,4,3
2763,4,2
2764,3,7
2765,0,2
2769,5,3
2773,5,3
2784,8,9
2801,5,3
2804,7,6
2816,7,2
2818,6,2
2821,4,6
2822,7,4
2824,6,2
2825,5,3
2844,1,0
2847,5,3
2857,0,3
2861,0,2
2862,7,4
2865,9,4
2875,2,6
2878,5,3
2886,8,9
2890,4,3
2892,5,3
2894,0,2
2898,9,3
2899,6,3
2905,7,4
2908,7,2
2913,5,3
2918,2,0
2922,6,2
2932,6,3
2935,7,5
2938,6,4
2946,2,5
2952,3,6
2954,7,4
2972,0,2
2977,7,4
2985,6,4
2991,5,3
2995,0,2
2997,0,6
2999,7,4
3002,7,4
3007,4,2
3009,8,0
3016,6,5
3024,7,4
3031,7,5
3043,9,8
3059,6,1
3060,5,3
3068,1,3
3069,5,2
3083,5,7
3084,5,3
3085,6,3
3111,6,4
3117,7,2
3126,5,3
3135,5,3
3152,6,3
3153,8,0
3159,7,4
3175,7,4
3179,5,3
3184,5,3
3201,7,4
3231,0,8
3237,5,7
3246,7,4
3256,0,2
3277,2,4
3281,5,8
3288,7,2
3294,0,2
3303,7,4
3310,4,2
3316,7,4
3321,7,4
3327,6,4
3331,4,2
3334,5,3
3339,7,2
3349,0,2
3352,5,3
3360,5,3
3372,5,3
3380,2,6
3381,4,5
3388,1,0
3398,5,3
3400,1,9
3401,3,7
3403,7,4
3407,5,3
3411,4,5
3416,7,5
3428,2,6
3430,7,4
3442,7,4
3459,7,4
3461,4,2
3486,8,0
3489,7,3
3490,4,0
3503,2,3
3508,5,3
3530,6,2
3535,8,0
3540,6,4
3559,7,4
3574,8,0
3579,5,3
3592,6,2
3595,3,5
3604,7,4
3607,7,5
3647,7,4
3674,0,2
3679,9,8
3684,7,3
3707,6,2
3711,2,0
3719,7,5
3727,5,3
3728,5,0
3735,7,0
3740,3,2
3753,7,4
3764,7,4
3791,7,3
3798,7,4
3801,6,2
3807,7,5
3811,5,3
3831,0,2
3836,7,4
3839,7,5
3842,3,7
3845,3,6
3846,5,4
3850,7,6
3859,1,8
3864,5,3
3880,6,3
3885,6,2
3911,6,0
3915,6,3
3924,5,3
3925,7,4
3943,0,6
3947,7,2
3953,9,2
3961,8,0
3962,5,7
3974,5,3
3978,6,3
3981,3,5
4003,4,5
4006,7,4
4013,6,4
4030,6,3
4040,9,0
4041,7,4
4047,4,2
4054,1,6
4072,3,4
4083,7,4
4092,7,4
4099,6,3
4100,3,5
4121,5,7
4125,3,7
4129,6,3
4134,5,3
4146,5,7
4154,5,3
4170,7,3
4171,5,7
4174,8,0
4178,7,2
4184,0,2
4188,6,5
4191,4,2
4192,6,2
4194,1,9
4195,2,6
4206,8,0
4210,6,2
4211,8,0
4230,6,2
4232,7,3
4245,5,4
4252,0,3
4262,5,1
4263,6,5
4270,5,3
4272,8,7
4275,7,4
4284,8,0
4295,8,0
4299,5,3
4305,0,2
4307,2,0
4308,7,2
4310,1,9
4314,7,5
4323,7,5
4340,9,0
4342,0,8
4348,7,4
4350,9,3
4353,1,0
4355,5,7
4362,2,6
4364,3,5
4367,6,3
4374,8,0
4383,0,4
4391,8,0
4399,5,7
4402,3,5
4418,3,7
4436,4,2
4438,7,4
4441,6,2
4474,6,5
4475,3,7
4487,6,2
4498,8,3
4502,7,4
4504,0,4
4510,3,5
4511,6,2
4522,7,4
4526,3,7
4550,0,2
4556,7,4
4558,7,4
4562,0,2
4563,8,0
4570,4,3
4572,8,0
4574,5,3
4577,5,3
4578,2,3
4580,2,6
4589,3,6
4591,7,4
4592,9,8
4612,5,6
4613,5,3
4618,6,2
4630,4,2
4641,2,4
4644,6,3
4668,7,4
4674,7,4
4678,6,2
4681,8,0
4688,5,3
4691,5,3
4696,6,3
4705,3,2
4708,1,9
4742,6,2
4746,7,4
4750,5,3
4753,0,2
4755,3,5
4760,7,2
4762,7,5
4766,0,2
4781,0,2
4784,6,2
4785,6,2
4806,8,0
4819,8,0
4828,0,2
4850,0,2
4857,3,5
4863,9,1
4865,5,7
4874,7,4
4877,5,7
4883,8,3
4885,0,2
4893,4,2
4894,9,1
4897,5,3
4917,5,4
4919,7,5
4929,8,0
4943,5,3
4949,5,3
4950,1,9
4957,5,3
4961,8,0
4967,7,4
4974,5,3
4995,0,2
5002,2,3
5008,4,5
5029,4,3
5041,7,4
5045,7,4
5046,4,7
5052,8,9
5058,5,3
5071,1,9
5074,6,4
5081,5,3
5083,9,8
5086,9,3
5090,0,4
5093,7,5
5094,7,4
5102,8,0
5111,4,6
5113,5,3
5125,8,1
5127,7,4
5134,8,9
5139,7,4
5149,7,2
5155,5,3
5157,7,4
5172,9,3
5175,1,9
5177,0,9
5194,7,4
5212,7,2
5213,8,2
5214,5,7
5218,2,4
5228,7,4
5234,7,4
5236,7,2
5237,5,7
5242,6,2
5251,4,2
5255,5,3
5275,9,7
5281,7,4
5302,5,2
5319,8,1
5321,3,5
5327,2,0
5330,7,4
5335,1,6
5337,9,8
5344,8,0
5347,5,3
5348,7,4
5349,6,4
5351,5,7
5367,4,5
5374,6,3
5382,8,1
5390,5,4
5391,6,0
5418,1,9
5419,5,2
5428,1,9
5431,9,8
5438,3,5
5455,7,4
5467,3,5
5475,5,2
5480,4,2
5501,5,3
5506,1,7
5509,6,2
5513,7,4
5519,5,3
5537,3,5
5551,0,8
5561,5,3
5570,7,5
5585,5,3
5587,7,3
5597,2,6
5615,0,1
5618,6,4
5619,2,5
5620,7,4
5631,4,3
5638,5,3
5658,7,5
5669,5,3
5679,3,5
5685,7,5
5686,5,7
5714,8,2
5725,5,3
5726,5,3
5737,5,3
5742,5,2
5750,3,5
5752,9,8
5754,2,6
5764,5,0
5771,5,7
5797,8,4
5799,8,0
5800,5,2
5803,5,2
5807,7,4
5810,5,7
5814,6,3
5822,5,7
5823,6,4
5831,5,3
5840,6,5
5848,0,4
5873,7,4
5875,0,8
5894,0,2
5909,7,4
5913,5,2
5923,3,5
5928,4,7
5931,8,0
5932,0,4
5933,3,7
5934,7,4
5941,8,2
5953,8,1
5973,2,6
5975,7,4
5978,0,2
5980,0,2
5983,0,3
6008,7,4
6012,4,2
6020,5,3
6046,9,0
6053,9,1
6060,5,3
6080,1,9
6097,7,5
6099,9,3
6129,2,6
6140,0,3
6142,0,2
6152,8,6
6162,7,3
6170,5,7
6184,6,2
6192,0,3
6197,9,0
6208,7,4
6214,7,4
6215,3,5
6222,8,0
6225,8,1
6227,7,4
6228,7,4
6229,5,4
6232,8,1
6242,5,3
6244,3,7
6259,7,4
6272,2,6
6282,5,3
6286,7,4
6305,0,6
6335,1,8
6341,3,6
6348,7,4
6367,5,3
6372,5,7
6382,2,1
6396,9,0
6400,2,6
6408,1,8
6425,6,3
6431,6,2
6434,8,6
6435,7,4
6438,5,3
6442,4,2
6444,7,4
6460,2,4
6466,4,6
6468,8,0
6470,5,7
6473,5,3
6498,7,4
6499,7,4
6538,5,3
6541,7,4
6552,5,3
6558,5,4
6564,7,5
6614,5,7
6616,3,5
6646,7,5
6648,5,3
6654,7,0
6659,0,4
6663,5,3
6665,7,3
6682,7,5
6700,1,9
6702,6,4
6704,0,4
6710,0,7
6718,7,4
6720,7,4
6723,7,4
6738,5,3
6741,6,4
6744,8,0
6745,5,3
6746,8,5
6747,7,4
6754,8,1
6761,8,3
6768,2,4
6772,6,3
6777,5,2
6779,6,3
6781,2,6
6784,5,3
6785,0,2
6791,4,2
6794,7,2
6797,8,2
6801,6,3
6816,0,6
6824,1,9
6835,6,2
6840,6,4
6844,6,4
6845,7,4
6857,9,8
6858,2,5
6864,8,0
6869,7,0
6876,7,4
6885,6,3
6890,5,3
6893,9,1
6895,7,4
6899,8,2
6918,6,4
6921,2,7
6939,5,3
6945,2,3
6958,5,3
6966,3,5
6971,7,5
6979,6,8
6981,7,3
6985,5,3
6992,5,7
6994,7,4
6995,7,4
6998,4,2
6999,7,9
7021,3,7
7029,2,5
7031,0,3
7040,6,3
7044,9,1
7047,3,2
7049,9,8
7073,7,4
7074,0,2
7080,1,8
7081,6,4
7113,3,7
7122,8,6
7125,6,2
7132,6,2
7134,4,3
7135,0,2
7148,2,7
7151,2,6
7154,5,6
7156,4,3
7161,7,5
7172,1,9
7175,1,9
7198,7,5
7201,6,4
7223,5,7
7225,6,7
7226,7,2
7254,4,6
7259,7,4
7273,7,2
7276,1,9
7278,9,8
7279,5,2
7292,3,5
7293,7,4
7307,7,4
7308,7,5
7310,5,4
7311,5,3
7322,5,7
7323,7,2
7338,0,2
7360,2,4
7365,7,3
7371,9,3
7376,7,4
7378,2,9
7387,3,5
7391,7,3
7392,0,4
7394,6,2
7404,2,6
7405,0,4
7447,4,2
7456,3,5
7463,5,7
7492,1,9
7514,7,2
7516,6,4
7524,5,3
7525,7,5
7564,8,2
7572,6,4
7585,2,3
7591,5,3
7604,5,7
7613,2,6
7615,5,2
7617,0,3
7625,5,4
7626,7,4
7627,5,4
7630,9,1
7634,2,3
7637,7,4
7642,2,4
7650,0,2
7655,5,3
7663,6,3
7674,2,5
7679,7,4
7682,8,4
7694,0,8
7695,2,6
7716,7,4
7718,6,4
7722,6,2
7727,7,4
7750,3,5
7754,8,9
7760,2,5
7781,5,3
7782,7,4
7790,3,5
7800,1,9
7806,3,5
7817,7,4
7835,7,4
7838,8,0
7867,1,9
7885,8,0
7893,2,6
7909,4,5
7934,6,2
7936,9,1
7942,7,2
7950,7,4
7954,5,7
7970,5,3
7974,0,4
7975,7,2
7990,6,2
7992,0,7
8006,6,3
8012,6,2
8016,6,4
8047,1,9
8048,7,2
8051,1,9
8059,5,3
8064,7,5
8067,8,0
8095,0,5
8098,9,1
8104,7,4
8109,1,9
8135,3,6
8136,2,3
8143,7,4
8145,5,3
8154,2,0
8186,9,0
8187,7,4
8191,0,4
8217,0,2
8228,7,2
8268,0,8
8269,4,2
8271,7,4
8272,6,4
8280,6,2
8281,8,6
8292,5,4
8298,0,2
8300,0,2
8312,4,2
8316,7,4
8320,6,3
8323,3,5
8330,2,4
8343,9,0
8349,5,7
8373,5,3
8377,3,7
8383,4,3
8415,0,2
8419,0,4
8430,5,7
8433,6,4
8441,5,7
8445,8,1
8448,5,3
8449,7,2
8453,4,2
8454,6,2
8461,7,4
8466,1,9
8468,5,3
8474,6,4
8496,7,4
8503,7,4
8504,3,5
8514,7,4
8531,3,2
8535,6,3
8543,6,2
8550,7,4
8552,7,4
8562,9,0
8565,9,1
8584,8,2
8605,5,3
8609,2,5
8614,3,7
8618,6,2
8621,3,5
8634,7,4
8647,7,5
8661,4,2
8681,7,4
8689,1,3
8702,6,2
8736,5,3
8737,8,0
8767,0,2
8771,4,5
8778,6,2
8793,1,9
8807,5,3
8810,4,2
8817,0,3
8819,4,2
8827,8,4
8831,7,2
8836,7,0
8842,6,4
8843,0,2
8847,5,7
8849,6,3
8856,4,2
8863,4,2
8867,0,2
8873,6,2
8875,9,4
8877,5,3
8900,4,2
8901,4,6
8903,1,9
8908,4,2
8919,1,9
8920,7,2
8926,3,4
8935,8,3
8937,7,4
8939,8,4
8962,8,0
8967,0,2
8974,3,5
8980,2,0
8989,6,3
8992,3,7
9001,8,0
9007,8,0
9008,6,8
9009,7,4
9016,5,6
9030,3,5
9042,7,4
9052,5,3
9053,6,2
9061,7,5
9071,6,3
9072,1,9
9083,6,4
9096,6,2
9099,7,4
9105,7,4
9111,0,3
9134,5,3
9139,7,4
9142,6,4
9143,6,0
9151,0,2
9154,1,0
9166,6,4
9171,2,6
9186,4,2
9187,8,1
9220,8,6
9221,8,0
9224,0,4
9226,6,3
9232,3,6
9241,9,0
9246,6,2
9249,3,5
9251,3,4
9255,6,5
9256,6,3
9259,0,2
9270,7,4
9284,3,2
9295,6,2
9296,4,5
9306,5,2
9314,5,3
9337,1,8
9350,4,5
9357,5,0
9377,6,4
9378,6,4
9380,4,0
9386,7,4
9389,8,0
9393,1,9
9399,5,3
9415,5,7
9417,1,0
9422,7,4
9429,7,4
9434,8,0
9438,9,1
9449,0,4
9459,5,3
9461,0,2
9470,5,6
9471,1,8
9477,5,3
9480,5,3
9484,1,9
9490,8,3
9492,7,4
9504,5,3
9527,5,3
9528,7,4
9530,3,0
9534,5,7
9540,4,2
9545,8,3
9558,6,4
9563,7,4
9608,0,2
9611,1,8
9632,1,9
9650,8,0
9657,2,6
9680,7,4
9688,1,0
9694,6,3
9704,1,3
9705,8,2
9719,7,4
9732,4,5
9736,0,4
9743,7,4
9745,6,2
9761,3,5
9767,1,9
9771,5,7
9772,7,4
9779,1,9
9783,7,2
9784,7,4
9785,0,2
9788,8,3
9797,8,0
9805,8,0
9808,5,3
9812,6,3
9815,2,4
9817,9,1
9820,0,8
9821,8,0
9823,5,3
9824,5,2
9830,7,4
9846,6,3
9862,5,3
9881,0,3
9884,2,3
9893,8,9
9898,4,2
9900,0,3
9919,4,3
9930,8,0
9932,6,2
9935,5,4
9967,7,4
9973,7,4
9974,3,5
9975,7,4
9990,1,9
10000,6,3
10013,5,3
10020,7,5
10031,5,6
10034,9,0
10037,2,5
10039,5,2
10052,8,3
10059,0,2
10070,3,7
10085,8,0
10089,7,4
10098,1,0
10102,0,2
10112,7,4
10129,3,5
10130,2,4
10131,2,0
10139,5,3
10147,6,2
10154,6,7
10169,6,3
10174,7,4
10185,5,3
10188,7,5
10190,7,2
10193,7,4
10209,6,5
10214,5,7
10225,7,4
10249,2,4
10253,0,2
10260,7,8
10267,8,0
10280,5,3
10292,7,4
10309,3,5
10310,2,6
10352,8,0
10367,7,4
10375,6,2
10390,9,8
10393,4,3
10397,7,4
10402,7,4
10404,5,2
10412,3,5
10413,7,2
10417,9,1
10431,7,5
10437,7,4
10445,8,0
10456,8,0
10460,3,5
10469,5,3
10477,0,3
10490,8,2
10495,7,4
10497,2,6
10508,4,2
10513,6,3
10521,0,2
10534,5,3
10546,4,5
10553,6,2
10555,8,9
10560,5,3
10563,5,7
10567,8,0
10573,5,3
10578,7,4
10590,6,2
10605,5,1
10614,4,5
10627,2,0
10634,7,2
10637,5,7
10674,7,4
10675,6,4
10678,5,3
10679,4,2
10700,7,2
10712,5,3
10719,0,2
10724,7,0
10730,6,5
10752,6,3
10753,6,3
10762,0,2
10772,6,2
10781,0,2
10812,2,5
10814,5,3
10816,3,0
10817,6,4
10825,7,4
10844,5,3
10845,6,2
10859,0,2
10868,6,3
10875,3,7
10877,7,4
10882,4,2
10884,0,2
10887,0,4
10895,6,2
10898,2,6
10902,7,4
10905,5,4
10928,6,2
10933,7,4
10952,4,5
10960,1,2
10974,6,3
10992,6,3
10993,7,4
10996,8,0
11005,4,6
11010,0,9
11016,5,3
11017,3,6
11019,1,0
11026,7,4
11038,0,2
11045,5,3
11058,8,0
11072,5,4
11083,5,3
11092,9,0
11097,7,5
11100,5,3
11107,2,6
11116,5,2
11125,8,1
11126,7,4
11130,0,2
11140,8,0
11147,3,7
11155,1,8
11173,0,2
11178,5,3
11193,7,2
11200,5,2
11202,3,2
11205,0,2
11209,0,4
11216,5,3
11218,3,5
11221,9,0
11232,3,7
11233,6,2
11235,5,6
11237,7,4
11251,4,2
11256,6,4
11259,5,3
11270,0,2
11281,6,3
11293,8,0
11295,6,2
11303,5,7
11322,6,3
11324,5,3
11338,5,3
11350,2,6
11366,1,9
11377,5,6
11381,7,4
11400,0,2
11419,3,7
11424,3,5
11426,5,3
11436,0,4
11454,7,4
11458,0,2
11463,7,4
11470,5,3
11473,8,0
11476,7,4
11480,0,2
11500,9,8
11512,7,4
11516,5,3
11517,5,3
11521,5,3
11530,7,4
11535,4,5
11547,7,4
11549,7,4
11556,2,0
11560,7,4
11573,6,2
11580,2,6
11583,3,7
11586,0,4
11596,6,2
11603,0,6
11610,8,0
11612,7,4
11617,7,4
11618,3,4
11623,0,2
11630,7,5
11637,5,7
11638,7,4
11644,5,3
11653,5,3
11654,4,3
11655,5,3
11668,4,2
11673,0,2
11695,7,5
11701,0,2
11709,8,2
11718,6,3
11721,8,0
11722,7,4
11724,6,3
11725,1,7
11750,9,1
11755,8,0
11757,5,3
11758,7,4
11782,6,3
11803,0,8
11805,5,7
11811,6,3
11816,8,2
11828,7,4
11844,3,5
11866,5,3
11881,3,7
11887,2,3
11905,5,3
11911,5,3
11916,7,4
11920,5,3
11923,4,0
11929,5,3
11947,8,1
11960,7,4
11966,5,7
11983,6,2
12007,7,4
12038,3,5
12043,1,0
12059,0,3
12065,7,2
12071,0,2
12072,6,4
12075,9,6
12090,9,5
12110,3,6
12142,5,3
12143,0,4
12146,7,4
12157,7,5
12158,5,6
12159,9,0
12163,9,0
12193,8,6
12202,6,4
12209,6,2
12225,2,6
12228,5,6
12230,7,2
12240,6,4
12253,4,3
12255,9,5
12282,6,3
12283,7,4
12303,0,2
12312,9,3
12318,3,4
12319,4,2
12325,5,3
12328,5,2
12335,4,2
12344,1,9
12345,7,4
12347,4,2
12353,0,4
12387,7,4
12388,3,7
12389,7,4
12399,0,2
12415,0,2
12416,7,2
12418,1,9
12428,7,4
12436,7,4
12439,6,3
12463,0,4
12474,1,8
12482,7,4
12487,7,3
12491,8,2
12494,6,3
12500,6,4
12504,6,4
12523,6,3
12545,4,5
12546,0,2
12568,5,3
12572,6,2
12583,6,3
12585,9,0
12588,6,4
12593,1,9
12612,9,8
12618,2,6
12621,5,3
12625,2,5
12632,9,8
12637,3,7
12640,1,9
12642,7,4
12649,5,3
12654,7,5
12663,7,3
12674,9,8
12676,3,5
12680,8,9
12684,7,4
12701,7,4
12711,5,7
12718,5,3
12726,5,3
12736,0,2
12740,4,5
12746,6,4
12750,2,6
12757,7,4
12759,4,7
12760,6,2
12768,5,3
12781,5,3
12790,7,4
12802,2,4
12806,2,6
12811,6,2
12816,7,4
12817,5,7
12819,8,0
12824,6,5
12826,7,4
12828,5,3
12830,6,3
12832,0,2
12844,1,0
12847,4,2
12851,5,3
12861,5,3
12864,1,9
12868,4,3
12869,5,2
12870,8,3
12874,6,3
12880,5,7
12889,5,2
12890,4,3
12892,5,7
12920,7,3
12924,6,4
12929,5,3
12937,0,2
12942,7,2
12948,6,4
12977,3,6
13003,5,7
13007,5,3
13015,5,3
13019,0,2
13023,8,2
13049,6,2
13051,5,3
13055,6,3
13060,1,9
13062,0,9
13066,0,2
13076,6,2
13078,8,0
13083,5,3
13087,1,6
13089,6,4
13097,8,0
13100,2,3
13101,5,2
13106,5,3
13116,6,2
13130,5,3
13131,9,8
13132,2,5
13137,5,7
13141,7,4
13153,6,4
13165,0,2
13185,8,4
13191,2,5
13195,4,2
13211,6,2
13218,3,4
13221,6,3
13225,5,3
13253,3,6
13263,0,2
13265,5,3
13278,6,3
13285,4,2
13287,6,3
13290,3,5
13300,5,3
13306,3,5
13317,3,5
13320,5,0
13349,7,0
13351,3,7
13355,4,2
13357,1,6
13359,4,7
13362,1,9
13363,3,7
13378,9,0
13384,6,4
13386,6,3
13387,9,5
13391,6,5
13395,5,3
13408,0,2
13414,4,2
13415,5,7
13418,7,4
13423,5,3
13427,7,4
13431,4,5
13437,4,2
13441,5,3
13442,8,0
13453,5,3
13457,6,2
13477,4,2
13496,0,5
13498,5,3
13503,4,2
13504,2,0
13506,5,3
13513,1,9
13521,7,4
13531,1,8
13542,7,4
13566,1,9
13569,1,9
13577,0,2
13600,8,0
13603,7,4
13604,2,5
13606,1,9
13623,6,5
13626,3,5
13627,5,3
13628,5,3
13635,0,7
13638,5,2
13644,6,2
13652,5,3
13654,3,7
13656,0,2
13657,8,1
13694,9,8
13703,3,5
13711,9,0
13712,2,6
13724,5,3
13727,4,2
13728,2,6
13734,5,3
13736,3,5
13738,4,5
13749,2,4
13760,0,6
13792,7,4
13802,4,2
13804,0,2
13813,5,3
13814,4,7
13816,5,4
13832,8,0
13834,5,3
13836,1,9
13837,5,3
13844,2,4
13852,6,3
13862,5,7
13871,5,3
13873,0,2
13876,7,5
13879,7,4
13887,6,4
13911,5,3
13915,5,3
13919,7,4
13930,7,5
13948,7,5
13954,5,2
13957,3,7
13962,6,4
13966,4,2
13974,5,1
13978,5,7
13996,7,4
14005,5,3
14006,6,3
14014,5,3
14016,7,4
14019,9,0
14034,4,2
14043,3,4
14048,7,4
14055,7,4
14063,7,4
14067,9,1
14072,7,5
14074,1,8
14075,8,4
14080,2,7
14082,8,2
14118,8,0
14119,5,3
14136,5,3
14138,7,4
14157,3,5
14158,8,9
14183,5,3
14198,3,8
14202,3,5
14214,3,5
14220,4,2
14240,7,2
14252,5,3
14259,7,4
14263,7,5
14264,3,5
14269,5,6
14273,8,3
14282,6,3
14302,0,2
14307,7,2
14311,7,4
14320,9,3
14324,7,9
14353,0,5
14359,7,5
14364,0,2
14369,0,4
14389,0,2
14414,7,4
14423,0,2
14432,8,0
14443,5,4
14445,0,4
14459,6,2
14466,6,4
14478,7,4
14484,9,0
14496,6,3
14501,5,7
14504,2,3
14506,5,3
14510,7,4
14514,6,3
14518,7,2
14520,0,9
14527,5,3
14532,7,4
14543,6,4
14545,2,5
14549,8,9
14550,7,4
14561,3,5
14565,5,3
14580,5,3
14592,7,4
14602,5,7
14612,5,7
14617,7,4
14620,8,0
14621,8,0
14627,0,2
14634,5,2
14638,1,8
14669,9,0
14671,9,1
14673,7,4
14674,1,9
14684,7,4
14693,8,0
14695,7,4
14698,0,2
14712,5,3
14718,5,4
14746,5,3
14764,2,6
14769,4,3
14773,6,3
14784,7,4
14791,3,7
14818,6,2
14829,7,4
14831,5,6
14833,9,1
14842,0,2
14848,3,7
14861,5,7
14882,6,3
14894,4,7
14903,9,2
14920,7,4
14926,6,4
14927,4,6
14952,3,0
14971,7,0
14975,8,2
14985,6,3
14988,5,6
15007,2,0
15014,0,2
15021,6,4
15035,9,1
15040,7,4
15066,6,3
15075,3,5
15079,5,3
15110,3,6
15115,5,7
15124,6,2
15126,3,6
15128,7,4
15130,7,4
15135,4,2
15143,4,5
15151,0,5
15156,8,0
15157,9,3
15161,5,3
15164,7,5
15185,7,4
15192,0,2
15194,6,3
15204,4,6
15209,7,4
15210,5,3
15223,0,4
15230,0,2
15235,8,0
15240,9,1
15243,8,0
15248,5,7
15254,5,3
15264,6,4
15293,8,7
15299,7,5
15305,6,5
15318,7,4
15323,1,9
15330,9,1
15344,7,0
15346,7,4
15348,7,4
15355,9,5
15357,1,9
15360,4,2
15361,7,4
15379,8,4
15383,7,4
15387,5,3
15392,9,8
15435,7,4
15448,5,3
15453,5,7
15459,5,2
15461,5,3
15471,0,2
15474,5,1
15492,3,5
15494,7,4
15506,7,4
15510,6,3
15513,2,4
15522,4,6
15527,6,2
15532,7,5
15533,0,4
15548,5,6
15551,6,2
15552,7,4
15556,5,3
15557,4,2
15562,2,3
15591,0,3
15597,7,2
15603,8,6
15604,7,4
15609,7,4
15611,7,4
15613,7,4
15616,9,1
15628,7,4
15633,7,5
15640,0,6
15641,6,3
15653,5,3
15681,4,2
15685,5,3
15690,8,0
15695,7,4
15703,0,2
15712,4,2
15726,7,2
15733,7,4
15738,4,2
15751,7,4
15757,5,3
15771,5,2
15782,0,3
15792,4,7
15807,5,3
15813,9,0
15820,6,3
15821,8,3
15832,7,3
15845,7,5
15855,5,3
15863,5,3
15866,3,5
15872,5,7
15883,5,3
15888,6,2
15889,7,2
15900,5,3
15901,5,3
15902,5,3
15906,2,3
15919,5,7
15922,8,0
15927,6,5
15929,7,4
15931,7,4
15944,5,6
15945,3,7
15954,8,0
15962,5,3
15963,8,1
15967,6,4
15981,9,0
15984,7,4
15991,1,4
15995,6,2
15997,8,3
16010,6,2
16015,5,3
16041,5,7
16043,7,4
16044,5,3
16048,8,0
16055,4,3
16062,5,3
16070,8,2
16079,7,4
16089,8,4
16090,5,3
16094,6,2
16095,6,2
16127,8,2
16140,2,3
16142,5,3
16154,9,5
16192,7,4
16198,6,2
16200,6,2
16204,0,2
16215,6,5
16227,8,0
16230,8,0
16231,5,7
16254,6,2
16263,5,7
16266,7,5
16276,2,0
16284,0,9
16301,5,4
16311,6,4
16312,6,5
16326,6,2
16330,9,2
16341,1,9
16345,4,5
16354,0,2
16358,5,7
16364,5,2
16376,7,4
16381,7,4
16388,5,3
16398,9,0
16402,3,7
16409,0,2
16422,5,7
16427,6,4
16429,7,5
16452,5,3
16454,7,4
16458,5,7
16461,7,5
16474,7,4
16482,7,2
16494,5,3
16504,3,7
16512,6,3
16525,6,2
16538,8,0
16548,6,4
16549,2,6
16554,4,2
16563,0,2
16569,2,3
16577,1,9
16581,4,2
16596,5,3
16599,8,0
16610,7,3
16617,9,3
16635,5,3
16636,6,3
16639,4,6
16644,0,2
16652,2,4
16654,0,4
16666,9,5
16679,4,2
16683,6,3
16692,0,2
16708,3,7
16739,7,4
16753,7,4
16759,7,4
16770,0,2
16794,4,5
16797,5,7
16804,5,7
16805,0,8
16813,7,4
16819,7,2
16828,2,3
16829,5,3
16836,5,7
16839,5,8
16845,0,2
16849,6,2
16860,8,2
16868,7,4
16883,7,3
16887,7,5
16888,5,3
16899,4,3
16900,3,6
16903,7,5
16904,5,3
16915,3,5
16923,7,4
16930,5,3
16939,8,0
16942,5,7
16953,5,4
16961,5,3
16963,6,4
16972,7,4
16973,1,9
16976,2,3
16982,2,5
16984,1,5
16985,0,2
16987,3,4
16989,7,4
16995,7,4
17007,5,3
17013,7,4
17021,5,3
17024,0,8
17043,2,6
17056,4,2
17066,8,2
17069,3,5
17071,7,4
17074,3,6
17088,8,0
17090,5,2
17091,7,4
17093,4,3
17103,2,6
17108,4,2
17109,5,3
17116,6,2
17123,2,4
17128,8,3
17130,5,3
17136,6,9
17138,4,5
17147,7,4
17150,8,3
17165,7,4
17170,5,7
17171,5,3
17189,7,4
17191,5,3
17197,7,4
17206,0,2
17218,5,3
17219,5,3
17222,6,2
17229,6,2
17279,3,5
17299,8,0
17312,7,4
17316,5,3
17364,1,9
17370,8,4
17372,7,4
17375,7,4
17380,5,6
17394,9,8
17422,9,3
17424,7,2
17449,6,2
17465,7,4
17467,5,3
17476,0,4
17477,9,3
17508,0,4
17515,7,5
17529,7,5
17534,7,4
17537,5,3
17552,6,4
17556,4,3
17558,5,2
17577,2,4
17588,5,3
17593,7,5
17619,7,6
17622,7,4
17625,4,2
17637,2,6
17662,8,0
17679,5,3
17684,5,7
17685,0,2
17691,7,4
17695,7,5
17701,6,7
17708,7,4
17710,5,3
17712,7,4
17726,8,9
17736,6,4
17737,4,6
17739,7,4
17744,7,4
17749,2,5
17761,5,6
17762,2,6
17763,6,2
17768,3,7
17781,6,2
17785,6,3
17786,3,5
17789,5,3
17795,7,4
17816,6,3
17819,5,3
17820,5,3
17822,6,4
17826,9,4
17830,0,5
17832,6,2
17834,5,1
17840,3,7
17848,7,4
17853,3,4
17862,6,3
17867,5,3
17868,7,3
17873,6,2
17874,6,2
17876,8,2
17882,2,4
17883,5,3
17887,6,3
17893,5,3
17896,7,4
17899,0,2
17913,5,3
17938,4,2
17964,2,4
17966,5,3
17989,7,4
18000,5,7
18008,0,2
18014,8,0
18026,5,3
18060,8,0
18061,0,3
18074,8,0
18089,8,7
18095,8,9
18098,5,3
18108,6,0
18112,9,7
18116,2,4
18118,9,0
18134,3,5
18148,5,3
18149,7,3
18153,7,4
18156,5,3
18178,7,3
18187,7,4
18188,5,6
18200,1,9
18213,9,1
18226,2,5
18229,9,1
18253,7,2
18270,8,4
18273,7,4
18284,7,4
18287,9,7
18298,6,3
18325,7,5
18332,3,8
18336,6,2
18345,1,9
18351,7,4
18356,8,9
18360,2,4
18363,6,3
18372,0,2
18374,9,1
18386,5,7
18402,5,3
18422,2,7
18447,7,5
18460,3,5
18468,7,5
18478,8,2
18502,3,5
18539,5,3
18558,5,3
18568,7,2
18573,1,9
18581,4,6
18583,5,3
18585,2,8
18588,4,5
18600,8,3
18612,3,7
18618,6,4
18641,5,3
18655,6,2
18658,7,2
18659,3,5
18663,7,4
18666,7,4
18668,6,2
18669,5,3
18671,4,2
18678,7,5
18695,4,5
18703,7,4
18712,7,0
18713,6,2
18716,6,2
18720,9,8
18730,5,3
18731,6,2
18736,7,5
18750,2,4
18754,7,4
18759,5,3
18763,6,2
18772,1,9
18819,5,3
18823,3,7
18833,2,5
18841,4,2
18842,5,3
18853,5,4
18856,8,1
18863,7,2
18867,5,7
18872,0,8
18883,1,9
18896,3,2
18909,5,3
18913,6,3
18930,5,2
18932,7,2
18941,6,3
18951,4,2
18954,2,0
18955,4,5
18957,8,9
18973,4,5
18999,7,4
19003,7,4
19011,5,3
19014,5,3
19022,2,5
19026,5,3
19029,5,7
19059,6,5
19063,7,4
19064,0,2
19068,7,5
19069,0,9
19076,0,6
19095,3,5
19096,0,8
19102,4,2
19103,5,3
19106,4,7
19119,1,9
19120,4,7
19128,6,4
19131,5,7
19133,4,7
19152,7,5
19159,2,6
19162,5,3
19169,7,5
19173,6,3
19183,3,5
19193,4,2
19199,8,4
19203,1,9
19211,1,0
19217,3,5
19221,8,7
19224,5,7
19232,9,8
19237,2,0
19239,6,4
19259,7,5
19264,6,4
19265,4,7
19270,8,7
19271,2,4
19275,7,4
19281,8,0
19283,6,3
19288,0,4
19291,0,2
19316,6,4
19317,7,4
19331,7,4
19334,6,3
19338,4,2
19348,3,2
19353,3,7
19367,0,2
19391,7,5
19401,7,4
19406,6,3
19412,5,7
19413,8,0
19415,3,5
19420,3,5
19422,0,3
19434,7,5
19436,9,1
19445,6,2
19451,5,8
19469,6,4
19473,5,3
19478,0,2
19503,9,0
19509,8,2
19527,8,0
19528,5,2
19548,8,0
19556,3,6
19558,6,3
19567,7,4
19569,1,9
19571,7,4
19573,0,6
19574,0,2
19580,5,3
19581,4,0
19589,9,0
19591,6,4
19596,7,5
19597,0,2
19598,9,7
19601,9,0
19620,1,0
19621,3,6
19627,8,0
19631,8,1
19634,9,8
19645,1,9
19646,1,8
19648,7,4
19659,6,4
19664,1,6
19667,3,5
19669,8,0
19679,5,7
19697,0,3
19703,2,0
19705,4,2
19718,1,8
19725,7,4
19736,8,0
19743,0,6
19748,1,3
19763,1,9
19771,2,6
19792,6,2
19794,3,5
19798,7,4
19800,8,3
19804,2,4
19805,5,3
19809,8,0
19815,4,3
19816,3,5
19826,8,0
19827,6,4
19836,1,9
19860,3,7
19868,6,2
19884,7,4
19889,5,3
19900,2,3
19913,7,2
19914,5,2
19921,5,3
19926,8,2
19937,8,0
19940,9,1
19947,5,3
19954,8,0
19955,6,4
19957,2,5
19971,7,4
19973,5,3
19981,7,4
19983,7,4
19986,7,4
19988,0,2
20008,2,3
20014,5,4
20028,2,3
20037,9,0
20039,5,3
20041,9,1
20042,5,7
20057,2,0
20061,7,4
20063,8,0
20065,7,5
20071,6,4
20072,7,1
20107,4,2
20116,4,2
20124,1,9
20125,3,6
20137,6,3
20150,6,4
20154,4,2
20156,9,1
20179,9,1
20180,5,6
20192,9,1
20194,1,3
20200,1,9
20214,4,7
20222,6,3
20234,5,2
20236,8,0
20243,7,5
20248,5,2
20267,7,4
20268,8,9
20273,6,3
20284,7,4
20285,0,2
20288,5,3
20314,0,2
20315,7,4
20319,5,3
20321,7,5
20322,1,8
20330,5,3
20339,9,1
20344,6,2
20367,9,2
20374,5,7
20377,1,9
20378,7,5
20383,3,6
20389,0,3
20395,0,3
20401,5,3
20408,3,7
20412,6,3
20419,6,2
20436,7,3
20446,8,0
20451,0,3
20470,8,0
20480,7,5
20482,2,6
20483,9,0
20484,5,2
20488,5,3
20493,7,4
20500,1,9
20503,3,5
20504,0,6
20509,6,5
20517,4,2
20524,8,0
20536,5,6
20540,0,2
20549,0,2
20554,8,3
20555,0,8
20562,6,2
20580,5,3
20584,7,5
20602,5,3
20609,2,3
20621,7,4
20622,6,4
20627,6,2
20629,7,2
20645,7,4
20646,6,3
20658,7,4
20685,5,3
20696,7,4
20700,1,9
20731,7,5
20734,6,0
20741,4,2
20765,1,9
20771,1,0
20774,3,5
20776,7,4
20777,0,4
20786,7,4
20801,5,3
20803,7,4
20809,8,2
20821,7,5
20827,6,2
20832,3,9
20836,5,7
20845,7,5
20848,9,2
20854,5,3
20860,6,4
20865,5,2
20867,0,2
20875,5,3
20883,5,3
20885,0,6
20887,0,2
20891,6,3
20895,8,3
20898,5,7
20919,5,3
20924,0,2
20946,8,0
20976,7,4
20980,5,3
20982,3,7
20989,7,4
21001,6,2
21006,0,4
21028,6,4
21034,7,4
21035,7,4
21042,1,9
21045,8,9
21054,5,3
21057,7,4
21059,1,9
21063,6,2
21068,8,0
21069,4,2
21077,9,1
21083,7,4
21088,0,7
21095,2,4
21117,7,6
21121,5,3
21122,5,8
21125,8,0
21130,9,8
21134,3,5
21136,5,7
21138,5,9
21142,0,3
21146,8,0
21155,8,0
21158,4,3
21160,0,6
21169,5,3
21188,6,3
21195,1,9
21198,9,8
21201,6,4
21210,5,3
21214,5,7
21220,6,5
21221,6,2
21223,7,4
21251,3,5
21280,4,2
21320,6,0
21325,0,3
21328,4,2
21345,5,3
21346,4,3
21349,5,6
21360,3,8
21361,2,5
21369,5,2
21372,8,0
21373,7,4
21379,2,0
21391,0,2
21395,0,2
21399,6,3
21401,5,7
21406,5,7
21432,9,0
21436,7,5
21451,1,9
21457,3,7
21464,5,3
21470,0,3
21475,8,1
21477,5,0
21478,7,2
21507,5,3
21520,0,6
21521,7,4
21530,7,5
21531,5,3
21533,7,2
21545,2,6
21559,4,2
21566,4,3
21578,5,2
21583,8,0
21592,7,4
21606,2,8
21611,5,3
21612,5,2
21623,8,1
21630,7,4
21639,7,5
21647,0,2
21658,3,5
21680,5,3
21686,6,2
21707,7,2
21708,5,0
21710,0,9
21734,1,5
21736,8,0
21740,3,2
21741,6,4
21744,2,4
21752,9,7
21760,5,2
21769,6,2
21771,5,6
21783,8,3
21789,6,2
21806,4,2
21809,7,5
21814,5,3
21816,0,7
21819,7,5
21835,7,4
21842,0,2
21851,5,0
21857,6,2
21859,5,2
21862,8,0
21891,5,3
21894,9,5
21919,6,5
21925,2,6
21928,9,4
21936,0,9
21938,6,2
21940,3,5
21946,5,3
21949,5,3
21955,6,3
21956,7,4
21965,0,3
21972,7,4
21974,0,2
21985,7,4
21992,7,4
22015,5,3
22032,6,4
22036,8,5
22037,9,5
22059,6,0
22066,3,6
22069,5,3
22082,3,7
22098,9,0
22101,5,7
22109,6,2
22114,7,4
22125,7,4
22126,8,3
22128,6,2
22137,7,4
22143,4,3
22151,9,0
22160,0,9
22190,7,9
22193,5,3
22203,7,4
22224,5,3
22233,5,3
22238,7,4
22239,5,3
22241,5,3
22246,7,4
22253,6,2
22254,6,3
22262,2,6
22268,0,9
22291,3,5
22297,8,2
22315,4,2
22317,7,5
22326,5,3
22333,0,3
22334,7,4
22351,6,4
22352,7,4
22360,6,3
22363,5,7
22376,5,1
22380,5,3
22382,4,2
22389,1,9
22390,7,5
22393,3,4
22414,5,3
22425,0,9
22428,6,4
22434,7,5
22453,8,0
22466,7,4
22472,7,4
22473,5,2
22492,0,2
22501,8,0
22511,7,4
22531,6,2
22542,0,2
22553,5,3
22562,0,2
22580,7,4
22599,7,4
22602,7,4
22612,5,2
22615,4,6
22630,9,1
22634,3,5
22637,5,2
22640,9,0
22643,5,6
22660,5,7
22685,5,4
22689,0,2
22696,3,5
22698,6,3
22699,6,2
22706,6,4
22712,2,6
22719,5,3
22722,5,3
22739,0,8
22744,3,5
22757,3,5
22758,6,3
22761,4,2
22770,7,4
22771,7,4
22775,7,3
22788,1,9
22794,6,3
22803,3,5
22805,6,5
22818,6,4
22849,7,4
22851,6,7
22857,8,0
22858,6,7
22878,6,5
22879,5,3
22880,6,4
22896,5,3
22904,1,9
22907,7,4
22908,7,4
22916,6,3
22920,5,3
22929,5,3
22969,6,2
22971,7,4
22976,4,2
22979,5,3
22982,5,8
22983,5,3
22988,0,2
22992,7,5
23035,4,2
23038,7,5
23039,6,2
23051,6,4
23070,6,3
23074,5,3
23079,4,2
23100,7,4
23105,7,4
23110,9,0
23116,7,2
23122,7,4
23125,2,6
23136,6,5
23141,3,2
23144,5,3
23146,6,4
23150,0,2
23152,9,1
23153,6,5
23174,5,2
23175,2,6
23179,6,0
23187,4,2
23194,6,3
23200,4,3
23203,6,2
23213,4,5
23216,2,4
23242,6,0
23265,6,4
23274,4,3
23286,5,3
23295,1,9
23306,4,5
23311,5,3
23313,5,3
23331,5,7
23347,9,1
23373,7,4
23378,5,6
23383,8,3
23385,4,3
23392,6,3
23409,5,3
23431,0,8
23448,5,3
23457,7,4
23461,3,5
23462,7,2
23477,3,5
23495,6,4
23499,7,4
23500,7,4
23508,2,6
23510,7,4
23528,7,4
23534,7,4
23540,0,2
23546,5,3
23550,7,4
23553,6,4
23555,4,6
23556,2,6
23576,8,0
23586,0,2
23590,6,4
23591,7,4
23597,1,9
23599,5,7
23619,2,3
23624,5,3
23640,0,5
23650,7,4
23654,6,2
23658,7,4
23677,7,4
23687,7,4
23690,6,4
23695,5,3
23696,7,4
23708,5,2
23712,5,6
23726,5,3
23728,4,2
23742,8,0
23780,0,2
23797,6,4
23804,5,3
23807,5,6
23809,8,9
23814,6,3
23815,5,3
23825,5,2
23826,5,3
23833,5,2
23836,0,2
23839,5,3
23842,0,2
23845,5,3
23855,8,7
23856,3,4
23860,3,5
23866,0,9
23868,8,0
23873,3,6
23877,3,5
23879,9,1
23885,9,1
23901,8,9
23904,0,4
23913,7,4
23916,5,3
23921,5,7
23928,6,3
23959,6,2
23966,7,4
23970,4,7
23971,5,2
23972,7,4
23979,3,5
23980,1,9
23988,7,2
23992,6,4
23993,7,4
24001,6,3
24017,3,5
24035,6,2
24038,8,0
24042,9,8
24046,0,2
24054,7,4
24079,7,4
24081,7,3
24087,6,4
24097,6,2
24107,2,6
24117,3,5
24139,4,2
24152,2,6
24173,5,6
24178,3,5
24195,7,2
24203,5,2
24206,7,4
24212,7,4
24214,5,3
24242,3,5
24249,0,2
24252,7,5
24253,6,3
24256,7,4
24277,6,4
24281,8,9
24283,8,0
24290,7,4
24292,6,2
24300,3,2
24301,0,7
24305,0,2
24307,5,3
24321,7,0
24322,7,4
24325,5,3
24347,8,0
24350,7,4
24351,0,2
24359,1,9
24360,6,2
24370,4,2
24390,5,3
24397,6,2
24404,0,5
24408,8,2
24411,7,4
24431,6,4
24449,0,5
24453,7,4
24469,6,4
24481,0,4
24488,6,2
24490,7,4
24499,1,0
24508,7,5
24543,6,2
24544,6,2
24550,6,3
24555,4,2
24565,7,4
24594,5,3
24612,5,3
24622,7,3
24623,6,4
24662,1,9
24692,5,3
24703,9,8
24726,5,7
24727,9,0
24729,0,7
24743,4,3
24744,0,6
24752,6,3
24753,1,9
24755,4,2
24777,6,0
24783,6,3
24785,2,3
24792,6,5
24801,8,0
24819,2,4
24829,4,5
24834,0,2
24845,6,5
24850,8,0
24867,4,2
24868,5,6
24871,1,9
24895,7,4
24903,5,3
24905,7,4
24917,7,5
24930,0,2
24943,5,3
24944,4,2
24955,2,5
24957,4,3
24959,7,2
24974,2,6
24983,7,0
24986,7,4
24994,8,9
24999,0,3
25007,0,9
25027,5,3
25035,6,3
25041,0,2
25053,6,2
25061,6,3
25062,5,7
25066,5,3
25068,5,3
25070,2,5
25099,7,4
25101,5,7
25110,7,4
25112,5,4
25115,5,3
25121,0,2
25124,3,4
25132,0,6
25136,7,4
25156,0,7
25182,8,0
25189,5,7
25190,2,5
25192,7,4
25197,5,3
25198,7,4
25227,7,4
25236,7,4
25241,0,8
25243,9,3
25247,0,2
25249,7,4
25253,7,4
25265,7,5
25269,5,3
25274,6,3
25288,2,7
25294,7,4
25297,7,2
25314,3,4
25331,8,9
25335,0,2
25343,0,3
25349,6,3
25350,3,5
25371,6,3
25373,6,3
25374,0,3
25403,8,0
25411,2,3
25416,2,3
25425,0,2
25449,7,4
25452,4,5
25459,2,4
25460,5,7
25467,3,5
25480,6,4
25487,3,5
25490,4,3
25492,2,8
25501,5,3
25503,5,3
25505,6,4
25514,8,9
25528,7,2
25529,0,7
25555,7,4
25556,9,3
25565,9,8
25569,7,4
25570,4,5
25576,4,2
25583,6,4
25584,4,2
25585,8,0
25590,2,4
25612,2,5
25616,6,2
25622,2,7
25628,9,0
25640,7,4
25642,8,9
25653,7,4
25654,7,5
25662,1,9
25669,7,3
25675,7,4
25685,6,4
25689,7,3
25695,5,3
25708,5,3
25710,6,3
25711,6,3
25713,9,3
25719,7,4
25728,6,8
25732,9,1
25740,2,0
25754,9,1
25763,9,3
25766,7,4
25772,0,3
25778,6,3
25821,7,2
25833,8,0
25834,5,7
25844,7,5
25864,5,2
25866,1,9
25870,6,3
25883,5,3
25885,8,0
25894,0,3
25897,8,0
25904,5,3
25917,5,3
25934,8,0
25935,9,6
25936,0,2
25941,3,5
25951,5,3
25957,7,0
25959,5,2
25962,0,2
25965,9,8
25966,3,7
25973,0,2
25985,2,6
25996,6,4
25997,5,6
25999,7,4
26000,6,2
26001,5,3
26004,6,3
26016,7,4
26019,5,3
26020,4,2
26023,6,9
26028,5,6
26030,4,5
26044,3,7
26069,0,2
26071,7,5
26074,5,3
26076,7,4
26085,0,4
26105,5,3
26113,5,3
26116,8,0
26117,6,3
26140,5,3
26146,7,4
26149,7,3
26150,5,6
26163,7,5
26178,6,3
26200,7,4
26210,5,3
26222,7,4
26235,7,4
26249,7,5
26267,3,7
26269,6,4
26279,5,3
26280,0,4
26317,7,4
26319,8,5
26321,6,2
26345,8,0
26350,0,3
26351,3,4
26362,1,9
26369,7,4
26370,1,9
26410,5,3
26421,6,2
26424,2,3
26425,4,2
26430,3,6
26441,9,8
26459,6,2
26460,7,2
26470,0,6
26482,6,2
26500,8,0
26506,7,4
26512,7,2
26522,7,4
26526,5,3
26530,7,4
26532,4,3
26535,1,9
26538,5,3
26547,6,3
26550,4,3
26553,6,4
26561,6,4
26567,5,4
26570,5,3
26577,2,6
26595,0,2
26619,9,1
26631,1,9
26640,0,1
26647,6,3
26648,7,5
26651,7,4
26653,4,2
26658,5,3
26667,5,3
26668,1,5
26669,7,4
26670,1,9
26673,7,4
26680,2,8
26681,3,5
26694,7,2
26695,0,4
26731,3,7
26732,5,3
26739,7,4
26742,6,3
26748,8,0
26756,1,8
26762,6,4
26766,7,2
26774,6,8
26793,1,9
26806,7,4
26822,0,8
26826,8,0
26828,6,2
26834,9,3
26840,6,4
26872,0,2
26873,5,3
26878,0,2
26884,7,4
26886,8,2
26892,7,4
26913,2,6
26926,3,7
26927,2,6
26945,7,4
26948,0,3
26963,7,4
26990,6,2
27000,0,4
27006,6,4
27037,5,3
27046,5,7
27061,7,5
27064,3,5
27068,6,0
27075,6,4
27080,3,5
27093,2,4
27102,7,0
27104,7,4
27111,6,3
27114,5,3
27118,6,3
27123,6,4
27134,4,7
27144,8,0
27164,5,3
27169,5,3
27172,7,4
27178,5,3
27187,4,2
27192,7,4
27195,7,2
27199,4,2
27203,4,2
27204,3,4
27215,8,2
27217,7,4
27226,7,4
27231,6,2
27244,2,4
27246,7,4
27247,4,7
27257,6,4
27263,7,4
27264,8,2
27270,7,3
27279,6,3
27284,7,4
27286,7,4
27294,8,0
27296,6,3
27300,4,2
27305,3,7
27306,0,4
27315,8,3
27329,9,7
27337,7,4
27340,9,8
27364,5,2
27366,7,2
27391,1,9
27400,5,3
27405,9,8
27411,7,4
27418,5,3
27423,6,0
27432,8,0
27434,5,3
27455,9,8
27458,5,3
27460,5,3
27469,5,3
27476,1,9
27485,5,3
27505,1,9
27507,2,5
27517,7,4
27533,6,2
27543,7,0
27547,7,5
27564,5,3
27568,5,3
27577,7,4
27592,7,5
27603,6,3
27605,5,2
27607,7,5
27618,9,8
27626,0,2
27627,6,2
27631,7,5
27639,4,2
27654,2,5
27660,7,4
27661,2,5
27680,5,4
27683,3,5
27684,6,4
27699,8,3
27703,3,5
27711,8,4
27728,7,3
27735,6,2
27739,6,3
27745,5,3
27746,7,2
27753,9,1
27754,0,2
27756,2,0
27773,0,2
27779,2,6
27786,8,1
27791,5,3
27808,3,2
27814,5,3
27822,4,2
27834,2,0
27838,5,3
27839,5,7
27849,7,4
27851,8,0
27872,7,3
27892,5,3
27893,7,4
27905,8,0
27914,5,3
27916,8,4
27917,5,3
27927,1,4
27932,0,8
27937,5,2
27942,5,3
27945,2,3
27950,2,3
27954,5,3
27972,7,4
27973,8,0
27984,5,7
27986,3,5
27997,5,3
28001,7,4
28003,0,2
28008,8,0
28013,8,0
28014,5,7
28015,7,2
28019,6,3
28025,5,3
28029,8,9
28040,0,2
28042,7,4
28044,9,1
28046,7,4
28049,7,3
28052,5,3
28053,5,3
28063,7,4
28065,2,0
28076,5,3
28084,2,3
28095,6,2
28100,0,2
28105,6,3
28109,4,2
28116,8,0
28117,9,3
28122,2,7
28130,6,4
28133,8,9
28134,5,7
28138,7,4
28141,4,2
28142,7,4
28145,5,7
28156,8,4
28159,7,4
28163,5,4
28176,7,5
28184,0,2
28185,5,4
28191,5,3
28192,5,3
28194,5,3
28206,5,3
28208,2,4
28212,5,7
28217,9,0
28236,6,2
28237,6,3
28240,6,2
28241,5,2
28242,7,4
28250,1,9
28271,7,4
28273,6,2
28280,0,3
28283,2,4
28306,0,2
28308,5,3
28314,4,5
28322,0,2
28338,7,2
28339,6,2
28340,7,5
28356,6,3
28357,7,2
28371,0,8
28377,8,0
28381,7,4
28387,5,3
28400,7,4
28406,5,3
28420,3,5
28424,0,2
28427,4,2
28468,6,3
28473,6,2
28474,0,2
28476,5,3
28484,6,3
28494,7,4
28495,0,5
28496,5,7
28497,7,2
28498,0,2
28502,5,7
28504,5,7
28519,9,8
28524,6,3
28531,8,0
28540,7,5
28544,2,4
28553,5,4
28554,9,0
28556,9,1
28577,6,5
28583,0,2
28586,6,3
28594,7,4
28601,6,5
28615,3,6
28616,9,2
28623,7,4
28645,0,4
28657,3,4
28658,6,4
28663,3,6
28673,0,6
28678,0,9
28684,4,2
28686,5,3
28700,8,0
28709,6,3
28716,4,7
28740,0,3
28751,7,4
28752,5,3
28758,7,5
28769,1,9
28772,7,2
28783,0,7
28788,8,0
28790,5,3
28798,6,4
28803,8,0
28804,5,0
28810,3,6
28815,7,5
28821,8,2
28834,5,3
28838,9,0
28857,3,7
28858,5,7
28859,7,4
28863,7,2
28886,5,3
28907,6,3
28917,4,7
28929,3,4
28936,5,7
28939,7,5
28943,3,5
28964,0,2
28967,5,7
28990,0,2
28993,7,4
29006,5,3
29007,7,2
29009,0,2
29016,7,4
29022,5,3
29029,1,9
29034,4,7
29062,5,3
29065,1,4
29068,9,3
29089,5,3
29090,8,1
29117,5,3
29120,8,0
29122,4,2
29135,9,7
29141,6,3
29145,7,5
29156,1,9
29173,6,3
29176,0,2
29186,7,4
29208,5,7
29210,7,4
29211,5,3
29216,4,2
29217,7,4
29218,5,2
29235,7,4
29239,8,0
29260,5,3
29264,3,6
29267,5,3
29273,7,4
29274,4,5
29281,4,3
29283,6,5
29290,7,4
29296,5,3
29299,7,0
29307,3,2
29312,4,2
29316,8,9
29326,0,4
29343,8,1
29344,0,2
29353,7,2
29357,5,4
29360,2,3
29364,7,4
29365,8,1
29390,4,2
29404,5,3
29415,6,2
29435,6,3
29450,7,4
29466,2,7
29475,0,3
29476,2,3
29495,4,7
29509,5,3
29510,0,2
29521,4,2
29522,0,5
29546,7,4
29552,5,7
29560,8,0
29567,6,2
29570,6,3
29591,2,0
29592,9,0
29593,0,2
29604,9,0
29608,2,4
29614,7,4
29617,2,4
29629,5,6
29642,4,0
29643,9,3
29655,0,2
29674,7,4
29686,7,4
29695,7,4
29705,0,7
29724,0,6
29727,5,3
29728,2,7
29737,5,3
29740,9,0
29742,9,3
29750,5,2
29751,5,3
29777,6,2
29782,4,5
29784,2,3
29798,2,7
29802,9,0
29803,5,3
29805,6,3
29814,7,5
29815,7,4
29829,5,2
29841,4,2
29843,7,2
29845,2,3
29851,5,3
29869,7,0
29888,7,4
29898,1,9
29908,5,3
29915,7,4
29917,7,3
29934,0,3
29951,5,7
29959,1,9
29961,7,4
29968,5,7
29973,4,5
29982,4,2
29989,6,2
29994,6,4
30012,5,3
30014,3,5
30042,7,5
30044,8,0
30056,5,3
30058,7,8
30061,7,2
30062,7,5
30069,6,5
30074,0,2
30075,0,1
30078,3,8
30079,7,4
30094,7,4
30098,6,2
30119,7,4
30134,0,2
30152,2,7
30153,7,4
30154,0,2
30158,7,4
30169,7,5
30170,3,5
30171,7,5
30175,0,5
30179,0,9
30199,8,0
30214,6,2
30216,8,9
30218,7,4
30219,7,4
30222,7,4
30225,6,3
30228,5,3
30236,4,5
30257,1,9
30277,8,0
30285,6,5
30294,5,3
30295,7,3
30298,7,4
30301,0,2
30307,0,2
30328,5,3
30334,7,2
30343,5,3
30351,7,5
30359,8,0
30366,5,0
30370,2,5
30381,5,2
30383,7,4
30394,2,6
30400,6,3
30405,3,5
30412,8,6
30417,7,4
30430,7,4
30444,8,9
30452,5,3
30454,5,7
30456,6,3
30459,7,4
30460,5,7
30471,6,2
30487,5,3
30493,4,2
30496,7,5
30497,0,2
30521,0,2
30522,7,4
30524,5,3
30528,4,2
30529,0,2
30530,2,4
30539,8,0
30546,6,4
30551,6,3
30554,2,4
30562,5,3
30565,6,3
30581,6,2
30583,3,5
30585,9,1
30592,0,2
30598,5,3
30600,7,5
30607,2,7
30630,5,3
30637,6,2
30640,7,4
30641,0,2
30644,1,9
30650,2,6
30652,5,3
30653,4,2
30659,5,7
30660,9,1
30672,5,3
30677,7,2
30682,4,2
30690,7,5
30693,7,5
30694,8,0
30704,5,2
30710,7,4
30712,6,2
30715,6,3
30728,6,2
30729,0,4
30734,7,4
30735,4,2
30740,6,4
30741,8,6
30755,6,3
30761,0,2
30763,5,3
30769,6,7
30799,8,0
30807,4,5
30826,2,7
30835,2,3
30851,6,4
30853,9,7
30854,0,2
30864,1,9
30871,8,5
30874,6,3
30875,1,9
30876,4,2
30879,7,5
30880,7,5
30882,1,9
30883,2,4
30911,7,4
30918,4,2
30922,7,4
30927,0,2
30929,8,0
30937,6,3
30940,6,2
30941,5,3
30957,5,3
30960,5,3
30962,3,7
30983,5,3
30986,5,3
30987,2,8
31006,6,4
31008,6,5
31020,9,3
31025,6,4
31027,4,5
31030,7,6
31044,7,4
31046,9,0
31055,9,0
31061,7,2
31064,7,5
31070,7,5
31076,9,8
31083,2,0
31099,4,2
31105,7,5
31106,7,4
31111,6,5
31115,0,8
31157,6,2
31162,9,3
31175,8,3
31184,9,1
31185,5,7
31186,7,4
31196,2,6
31206,2,0
31220,7,4
31221,5,6
31229,1,9
31231,1,9
31234,7,5
31235,7,4
31250,0,3
31252,7,4
31253,5,3
31256,6,3
31257,3,6
31267,7,9
31270,0,2
31271,4,2
31272,3,2
31296,0,2
31298,4,5
31301,3,6
31305,7,3
31312,7,5
31318,5,7
31333,0,8
31341,0,4
31342,0,9
31348,6,3
31351,8,9
31360,5,3
31363,9,1
31364,5,3
31377,6,3
31385,6,2
31394,7,4
31396,0,4
31397,5,3
31406,9,8
31415,5,4
31421,1,9
31433,6,2
31438,0,3
31453,0,2
31455,7,3
31456,2,0
31475,7,4
31478,7,4
31488,4,2
31492,5,3
31498,0,1
31507,7,3
31513,7,4
31519,1,9
31535,5,3
31536,6,2
31539,6,3
31541,7,4
31542,0,5
31558,3,4
31561,3,2
31562,9,8
31565,0,2
31575,4,7
31587,7,4
31594,9,1
31598,5,7
31604,6,3
31610,7,2
31626,7,4
31638,9,1
31645,8,4
31651,9,8
31654,5,3
31664,7,4
31671,8,0
31677,0,6
31679,0,2
31684,3,7
31690,4,2
31725,3,5
31733,0,2
31739,6,4
31740,8,0
31761,7,4
31764,5,2
31765,0,2
31772,7,2
31774,3,5
31795,5,3
31801,2,4
31813,5,3
31823,7,4
31824,2,3
31829,3,7
31831,7,2
31839,5,3
31845,7,4
31854,5,3
31861,1,9
31863,8,0
31865,3,4
31877,9,1
31878,7,8
31889,2,7
31890,7,4
31921,0,5
31924,0,2
31931,7,4
31935,5,3
31948,5,3
31957,0,3
31970,6,2
31978,0,4
31992,3,5
31993,4,2
31994,7,4
32000,2,4
32032,3,5
32045,6,2
32047,6,3
32050,3,7
32055,7,4
32067,6,4
32070,4,5
32091,5,4
32097,5,3
32098,5,7
32099,5,2
32112,8,0
32121,6,3
32133,0,2
32145,8,3
32150,7,5
32173,5,3
32174,7,4
32177,7,5
32180,4,2
32188,7,5
32197,5,3
32205,4,5
32209,2,3
32210,7,4
32225,3,6
32229,8,0
32236,4,8
32247,5,3
32252,4,7
32279,5,7
32281,4,3
32304,0,3
32315,1,9
32318,0,4
32329,5,3
32330,4,2
32355,7,0
32357,7,4
32363,1,9
32379,8,2
32380,6,2
32408,7,4
32409,8,0
32422,4,3
32437,3,6
32440,2,5
32459,0,4
32485,0,2
32492,0,8
32496,6,3
32503,6,4
32514,2,7
32516,5,3
32530,1,9
32538,0,2
32558,8,0
32565,7,4
32568,7,4
32575,5,7
32608,6,4
32619,1,0
32633,2,6
32655,6,5
32663,5,3
32665,7,4
32667,7,3
32668,7,4
32670,8,2
32688,5,3
32699,6,3
32706,6,3
32717,2,0
32724,7,4
32725,1,8
32732,4,2
32746,5,3
32750,6,3
32761,5,2
32767,7,4
32776,7,4
32780,5,3
32796,5,3
32809,5,3
32813,6,4
32822,1,8
32829,7,5
32831,4,2
32849,5,3
32850,7,4
32854,1,9
32857,7,4
32863,0,2
32866,3,5
32870,5,3
32872,1,9
32874,8,1
32878,6,3
32879,5,3
32894,3,5
32907,7,4
32912,4,2
32916,5,7
32929,0,2
32934,7,4
32936,7,4
32938,2,6
32939,5,3
32947,7,4
32948,2,3
32965,3,5
32969,6,2
32980,0,2
33006,1,9
33017,7,5
33020,2,3
33027,5,7
33031,6,3
33034,5,3
33036,5,3
33043,5,7
33051,5,3
33067,3,2
33068,8,0
33081,3,5
33082,1,6
33084,5,3
33089,6,3
33097,6,4
33098,1,9
33106,6,3
33122,0,3
33127,0,3
33142,5,3
33149,5,3
33152,3,5
33162,7,4
33177,5,3
33179,7,4
33184,0,2
33192,5,3
33208,7,2
33213,5,3
33218,6,2
33246,6,2
33251,7,4
33256,7,5
33271,7,4
33280,5,6
33285,4,7
33300,1,8
33331,7,4
33340,4,2
33349,6,3
33353,9,3
33361,5,3
33362,7,4
33389,7,4
33400,4,5
33417,7,4
33423,9,3
33431,1,8
33435,7,4
33442,7,4
33443,5,2
33451,7,3
33458,2,3
33462,5,3
33471,6,4
33473,7,2
33477,4,2
33499,2,8
33503,7,2
33507,8,9
33516,6,3
33526,5,3
33529,0,9
33534,7,5
33537,7,4
33538,5,6
33557,7,4
33559,5,2
33573,9,4
33608,6,4
33609,4,2
33612,5,3
33614,7,2
33615,0,2
33622,2,0
33629,0,7
33634,0,2
33639,5,4
33643,5,7
33652,4,2
33653,4,2
33655,6,2
33659,2,7
33660,0,3
33661,2,6
33665,5,4
33669,7,5
33670,7,4
33671,6,2
33675,7,0
33676,5,3
33682,7,5
33687,5,7
33710,0,2
33714,3,6
33717,2,0
33719,5,4
33733,7,5
33737,5,6
33744,2,4
33773,6,2
33791,6,2
33801,3,5
33809,7,4
33813,7,2
33814,9,2
33817,6,3
33835,5,3
33842,7,4
33845,5,3
33848,6,2
33853,8,0
33875,7,4
33877,9,1
33879,9,8
33888,5,3
33890,7,4
33894,9,1
33897,8,0
33907,3,5
33920,3,5
33924,5,3
33925,2,5
33936,6,4
33942,6,3
33951,5,3
33952,5,7
33956,3,7
33960,7,4
33961,7,4
33963,0,2
33983,4,6
34005,1,9
34006,8,2
34009,6,2
34011,3,5
34015,5,3
34017,4,2
34024,5,6
34031,5,3
34033,2,6
34034,7,5
34038,4,5
34039,5,3
34044,7,4
34049,6,4
34051,8,9
34052,5,7
34053,7,4
34058,1,0
34063,7,0
34069,1,9
34085,7,4
34096,3,5
34103,3,5
34105,9,2
34108,7,2
34118,5,3
34120,8,1
34125,6,4
34126,2,0
34141,8,0
34142,7,4
34147,3,5
34157,5,7
34161,5,6
34166,8,0
34177,7,4
34184,5,7
34185,7,4
34197,1,6
34201,0,2
34203,6,3
34205,7,4
34218,5,3
34219,4,2
34223,7,5
34228,6,2
34235,7,9
34258,4,2
34263,2,5
34274,6,3
34279,3,5
34284,5,7
34289,1,9
34298,7,4
34304,7,4
34308,0,2
34320,0,2
34326,3,8
34336,6,4
34341,4,2
34344,5,4
34345,2,4
34347,6,2
34350,0,2
34358,9,5
34359,7,4
34368,1,8
34370,7,4
34411,7,4
34412,0,4
34423,3,7
34425,6,2
34455,9,0
34457,1,5
34460,0,2
34465,6,2
34476,7,0
34487,7,4
34496,9,3
34500,7,4
34503,5,7
34506,4,5
34516,8,0
34528,5,3
34533,7,4
34534,9,1
34537,7,4
34538,7,5
34542,9,0
34550,6,0
34552,7,4
34561,7,2
34567,2,6
34576,7,4
34586,7,4
34598,3,5
34605,7,4
34617,6,3
34624,4,2
34628,4,3
34629,7,4
34644,8,4
34645,5,3
34652,1,8
34660,9,0
34678,6,2
34683,5,2
34711,6,4
34712,1,6
34727,7,4
34740,2,5
34752,5,3
34753,7,4
34771,1,3
34778,0,2
34781,6,3
34784,6,2
34786,4,6
34795,6,3
34799,6,4
34803,3,6
34811,7,4
34823,4,5
34833,0,2
34837,9,1
34844,7,4
34846,7,0
34851,8,9
34853,7,0
34856,6,2
34859,8,0
34882,9,8
34885,4,2
34886,2,3
34896,6,3
34897,1,9
34902,8,2
34911,6,4
34923,7,2
34925,3,7
34926,7,4
34932,4,2
34933,7,4
34944,7,3
34958,7,4
34959,5,3
34969,0,4
34970,3,7
34981,4,5
34985,0,2
34991,4,2
34999,6,4
35000,6,4
35013,1,9
35021,3,7
35028,5,2
35039,0,3
35047,1,9
35049,3,5
35051,9,0
35052,9,1
35058,9,5
35062,7,4
35067,7,4
35080,5,7
35098,4,5
35102,5,7
35105,5,3
35108,2,3
35114,6,2
35141,8,2
35148,8,0
35157,4,3
35163,0,3
35182,7,5
35197,5,3
35199,7,4
35207,2,4
35213,8,3
35215,6,4
35226,7,4
35241,5,3
35247,7,3
35253,5,3
35258,5,7
35274,5,3
35282,9,1
35284,3,7
35295,4,7
35309,5,3
35312,7,4
35320,0,2
35327,7,4
35335,5,7
35350,7,2
35353,2,6
35361,2,7
35386,0,2
35395,2,4
35406,5,3
35408,5,6
35414,0,9
35416,0,6
35420,7,4
35424,5,3
35440,6,3
35443,6,4
35461,6,4
35467,8,0
35469,0,3
35475,9,3
35489,7,2
35496,0,2
35506,1,9
35524,3,4
35546,7,3
35550,7,5
35551,1,0
35570,6,4
35579,6,4
35582,5,3
35593,6,3
35601,1,9
35617,6,2
35619,7,4
35631,4,5
35643,5,3
35652,0,2
35655,0,2
35662,5,3
35686,5,2
35692,7,6
35708,7,4
35710,6,2
35715,0,2
35728,2,0
35738,4,7
35742,7,4
35745,6,1
35746,6,2
35750,5,3
35752,7,4
35754,1,3
35757,5,3
35763,0,2
35771,2,3
35781,5,3
35786,2,6
35798,5,6
35804,6,4
35819,5,3
35820,1,6
35838,5,3
35842,0,3
35868,5,3
35912,9,0
35917,7,5
35927,7,2
35930,5,7
35941,6,3
35955,1,0
35982,1,6
35984,3,7
35987,6,3
35988,5,3
35994,6,2
35997,5,3
36004,8,0
36014,8,1
36015,2,7
36019,1,9
36020,2,4
36023,7,5
36025,7,4
36036,7,4
36069,6,3
36080,0,3
36088,2,9
36089,2,4
36097,5,3
36098,8,2
36100,5,3
36104,0,2
36109,0,2
36110,0,8
36116,7,4
36124,5,2
36137,5,3
36146,7,4
36157,7,4
36179,4,7
36191,5,3
36194,4,9
36196,7,4
36201,1,9
36204,7,4
36208,5,3
36214,7,4
36221,5,3
36225,7,0
36230,6,2
36235,5,3
36247,5,3
36256,6,2
36265,1,9
36277,6,3
36314,5,7
36344,6,8
36350,5,3
36361,0,3
36363,5,3
36365,7,4
36370,7,5
36379,0,6
36390,4,5
36396,1,9
36414,5,3
36416,8,0
36419,8,3
36424,5,3
36429,6,3
36442,6,3
36451,0,7
36470,0,4
36483,7,4
36499,5,3
36502,6,3
36506,1,9
36508,6,4
36522,8,3
36526,7,4
36575,0,2
36583,3,5
36594,2,6
36605,5,3
36611,8,2
36614,4,0
36616,0,2
36618,5,2
36636,2,3
36639,0,2
36640,8,6
36643,7,4
36651,6,4
36657,1,9
36681,4,2
36682,7,4
36685,7,4
36692,6,3
36697,7,4
36698,7,4
36709,8,0
36731,6,2
36733,8,0
36743,9,8
36753,7,4
36756,9,0
36757,7,4
36763,7,5
36768,9,0
36780,5,3
36790,5,3
36801,7,4
36815,2,3
36832,6,7
36837,3,5
36838,8,0
36843,4,2
36852,6,3
36854,0,2
36865,3,5
36873,2,4
36879,2,6
36880,8,9
36886,6,3
36894,4,2
36906,5,7
36909,5,2
36932,5,2
36949,0,2
36960,7,4
36962,6,4
36968,7,4
36971,2,3
36974,3,2
36981,0,3
36998,7,4
37001,9,4
37003,7,4
37008,7,0
37011,2,4
37012,6,5
37022,4,6
37028,1,9
37035,7,4
37046,4,6
37055,1,9
37056,5,3
37060,6,2
37063,7,4
37072,7,4
37089,6,2
37100,0,2
37116,6,7
37124,7,3
37128,5,2
37144,3,5
37155,5,3
37156,9,6
37171,6,3
37179,5,2
37183,5,7
37184,0,5
37188,3,6
37192,4,6
37213,2,3
37229,7,4
37233,7,4
37238,7,4
37240,0,8
37242,6,4
37248,7,4
37283,1,9
37295,3,9
37298,4,5
37299,1,9
37302,0,2
37310,6,2
37331,7,2
37342,0,2
37351,2,5
37375,5,3
37379,7,4
37380,3,6
37392,5,7
37393,7,4
37397,3,7
37400,8,9
37419,5,3
37427,5,3
37431,0,2
37455,6,2
37456,4,0
37476,5,0
37481,0,4
37501,5,3
37505,6,2
37507,0,4
37513,6,4
37543,9,3
37548,7,4
37558,7,4
37568,6,2
37575,3,2
37586,7,5
37600,8,0
37607,4,5
37610,5,3
37612,8,0
37622,9,6
37629,1,9
37638,3,5
37642,5,2
37647,4,3
37650,3,7
37652,0,2
37656,6,3
37677,0,2
37686,5,6
37694,2,6
37700,3,5
37711,5,3
37723,7,4
37725,3,7
37728,4,5
37729,8,3
37741,5,3
37743,5,7
37754,2,5
37759,9,0
37760,7,8
37763,5,7
37772,3,0
37774,1,9
37787,1,0
37795,5,4
37800,8,0
37804,8,0
37807,7,2
37826,3,5
37834,3,9
37835,3,6
37845,5,3
37853,5,3
37855,6,5
37877,7,4
37881,1,9
37889,5,3
37890,7,4
37907,4,2
37912,0,2
37922,7,5
37927,1,9
37928,5,3
37939,9,7
37945,6,3
37946,9,4
37948,2,7
37957,7,5
37958,5,3
37960,6,2
37988,4,6
38017,2,4
38018,6,2
38027,7,4
38035,9,0
38041,7,2
38046,0,3
38061,1,0
38064,8,0
38082,5,3
38083,7,4
38102,0,3
38128,5,3
38139,3,6
38143,2,3
38145,2,6
38146,9,8
38161,5,3
38163,7,4
38169,6,3
38173,6,4
38174,7,4
38177,4,2
38182,6,4
38187,7,4
38201,7,4
38212,6,3
38225,7,4
38227,8,0
38244,7,4
38258,3,6
38286,5,3
38299,6,2
38312,7,2
38321,5,3
38325,8,0
38337,9,0
38344,5,7
38349,0,6
38350,7,4
38351,5,2
38365,1,9
38366,4,5
38369,0,2
38382,3,2
38383,4,2
38385,8,0
38387,7,4
38393,9,0
38396,9,1
38403,8,6
38406,5,3
38419,5,3
38436,7,4
38439,5,3
38443,0,8
38454,7,5
38464,2,5
38467,7,5
38468,6,2
38476,4,5
38479,8,0
38494,8,2
38495,8,0
38498,8,4
38507,9,1
38512,7,5
38522,6,2
38524,5,3
38529,3,5
38535,8,5
38539,4,2
38549,7,4
38554,4,5
38570,7,4
38581,5,3
38586,0,2
38590,3,7
38596,5,7
38599,5,3
38606,9,1
38616,3,5
38617,3,5
38623,8,0
38627,5,8
38631,0,4
38636,7,3
38642,6,4
38643,2,3
38646,7,4
38652,1,0
38663,6,2
38665,7,4
38667,9,8
38671,8,0
38672,7,2
38675,2,4
38677,0,2
38678,6,0
38679,7,4
38680,6,2
38685,4,3
38695,7,2
38700,1,6
38706,3,5
38717,7,2
38718,7,4
38725,2,6
38737,4,2
38742,5,3
38753,5,3
38757,0,8
38772,0,2
38774,7,9
38782,6,2
38790,5,3
38794,7,4
38798,7,3
38807,7,4
38833,4,9
38834,6,4
38841,7,2
38847,3,2
38859,5,3
38872,6,2
38876,8,4
38878,6,2
38889,7,4
38893,0,2
38899,0,4
38910,3,6
38921,5,4
38925,1,9
38928,6,3
38942,0,3
38944,5,3
38945,9,0
38966,9,7
38983,5,3
38986,4,3
38988,0,2
38994,5,7
38997,4,2
39009,7,4
39019,7,4
39024,7,4
39027,7,5
39031,5,3
39039,8,3
39043,7,5
39053,7,4
39059,7,4
39060,9,0
39066,5,3
39069,0,2
39080,7,4
39101,4,5
39114,7,4
39126,5,2
39129,8,0
39131,3,6
39143,3,5
39144,6,3
39145,5,2
39147,0,3
39155,5,2
39156,6,4
39158,8,9
39159,7,2
39163,7,4
39170,4,3
39185,2,7
39194,7,2
39195,6,2
39207,4,3
39215,0,2
39225,6,5
39275,8,0
39276,0,9
39288,7,2
39289,8,1
39294,6,8
39311,8,9
39318,0,2
39325,6,2
39328,4,7
39330,5,2
39331,4,6
39335,4,5
39336,5,2
39340,2,5
39344,1,9
39348,0,6
39371,5,7
39380,6,0
39390,5,3
39393,7,4
39396,7,4
39400,4,6
39402,7,4
39405,7,4
39417,7,4
39418,9,1
39422,6,2
39441,7,4
39443,7,3
39451,7,4
39455,3,6
39457,5,3
39460,8,4
39500,7,5
39525,3,7
39538,0,2
39541,6,3
39546,7,4
39558,0,2
39571,4,3
39578,1,9
39579,7,5
39589,7,5
39594,5,3
39597,3,5
39598,5,3
39608,7,4
39618,7,4
39635,5,7
39652,7,3
39687,9,0
39691,7,4
39707,9,1
39719,6,7
39737,3,6
39739,7,4
39743,7,4
39747,5,3
39750,2,6
39754,0,3
39760,6,3
39764,2,3
39766,0,2
39768,6,8
39769,0,3
39771,2,4
39772,6,4
39787,9,3
39792,7,4
39800,5,7
39801,0,2
39804,5,3
39808,3,5
39809,7,5
39810,6,5
39821,8,0
39823,5,3
39826,3,5
39829,5,2
39832,0,2
39846,0,8
39856,8,0
39861,7,4
39871,5,7
39883,7,4
39891,5,7
39903,7,4
39904,0,4
39924,4,2
39925,8,0
39931,0,8
39941,2,3
39963,5,2
39968,2,1
39971,6,2
39975,0,8
40001,6,2
40005,6,4
40011,4,5
40022,5,3
40046,1,9
40050,7,4
40054,7,5
40059,7,5
40062,5,3
40069,0,2
40070,0,4
40072,7,4
40103,1,9
40113,3,7
40115,7,2
40120,6,8
40121,9,0
40132,7,4
40133,1,8
40134,5,7
40139,6,3
40153,5,3
40169,4,2
40173,0,8
40190,7,4
40192,1,8
40228,8,0
40232,5,3
40233,5,3
40236,6,4
40237,5,2
40239,0,2
40243,7,4
40246,0,8
40249,3,5
40250,4,3
40264,7,3
40269,7,4
40270,4,2
40280,6,2
40284,3,5
40294,5,3
40315,8,0
40339,0,4
40342,6,3
40348,7,0
40382,5,3
40400,7,5
40407,3,5
40416,9,1
40432,3,2
40442,3,5
40449,8,0
40453,5,3
40458,7,4
40477,1,9
40482,4,2
40487,7,4
40490,7,5
40500,6,2
40526,5,4
40535,9,1
40539,7,2
40540,7,4
40544,3,5
40549,2,5
40552,5,7
40556,6,3
40564,6,3
40566,5,7
40567,5,8
40569,5,7
40595,1,9
40599,2,3
40601,5,2
40603,7,4
40609,4,2
40617,5,3
40620,3,0
40624,0,6
40626,7,4
40631,3,5
40638,6,3
40645,7,4
40664,5,3
40668,1,0
40674,5,6
40682,7,4
40689,6,2
40694,9,2
40697,0,5
40699,5,2
40702,7,4
40703,2,7
40704,5,3
40705,8,1
40722,8,0
40724,3,5
40737,0,8
40743,3,5
40744,5,3
40747,2,5
40751,4,0
40758,7,4
40767,9,8
40773,1,9
40776,0,2
40778,5,7
40801,5,3
40808,8,3
40811,7,4
40813,7,3
40815,6,4
40825,8,0
40827,6,2
40832,7,5
40844,0,4
40846,0,8
40867,4,0
40887,7,4
40889,7,2
40904,4,2
40911,0,2
40916,1,9
40925,6,3
40930,4,2
40934,1,9
40944,7,4
40951,4,2
40952,8,0
40958,9,8
40965,7,5
40975,8,9
40981,1,9
41001,0,4
41004,0,2
41006,5,3
41007,4,7
41031,0,2
41041,1,9
41051,8,0
41053,5,7
41058,7,4
41062,7,2
41065,7,4
41066,7,5
41074,5,7
41081,5,3
41093,3,5
41094,7,4
41105,3,5
41107,6,5
41108,4,2
41115,5,3
41119,6,2
41120,1,9
41124,1,9
41125,5,3
41126,5,7
41130,7,4
41138,7,4
41143,5,4
41145,6,3
41189,6,4
41191,9,0
41198,5,3
41205,8,0
41210,7,9
41214,7,4
41215,5,2
41217,4,5
41219,5,3
41236,9,1
41248,8,0
41253,4,2
41266,7,4
41273,5,3
41275,5,7
41280,0,5
41300,7,4
41310,5,3
41318,5,8
41319,6,3
41329,4,2
41333,4,2
41347,0,5
41350,8,9
41351,0,9
41352,5,3
41354,7,4
41364,8,9
41371,3,5
41373,5,3
41374,7,4
41376,7,5
41381,7,2
41383,5,3
41387,8,4
41388,6,3
41403,0,2
41409,7,4
41411,5,0
41414,6,3
41416,2,5
41421,8,9
41423,0,2
41439,9,4
41441,0,6
41453,7,0
41454,5,7
41456,3,5
41460,7,4
41497,2,6
41526,0,8
41527,1,9
41546,9,1
41552,2,3
41555,5,3
41559,1,3
41566,5,6
41569,5,3
41575,5,7
41578,8,0
41585,3,7
41586,8,1
41588,5,2
41595,7,4
41619,7,4
41628,9,8
41630,5,3
41631,3,7
41642,7,5
41644,0,2
41646,5,2
41653,4,7
41659,7,2
41666,2,6
41670,2,3
41673,6,0
41690,6,4
41691,3,7
41692,7,4
41710,6,2
41719,6,3
41731,6,2
41734,6,2
41738,1,9
41743,7,5
41755,5,3
41793,0,7
41808,5,3
41817,8,3
41840,8,0
41843,0,2
41864,5,3
41887,2,8
41893,4,5
41897,5,3
41908,5,7
41915,7,4
41920,3,5
41921,7,4
41923,8,0
41929,6,2
41936,7,4
41937,8,0
41944,4,3
41953,0,2
41970,0,2
41987,2,5
41995,7,4
42001,7,0
42019,5,3
42038,0,2
42057,7,5
42081,5,7
42083,0,2
42087,7,4
42104,5,6
42108,4,5
42120,1,2
42124,7,3
42126,7,4
42127,7,4
42131,7,2
42137,1,8
42144,4,5
42153,5,3
42157,6,2
42159,7,4
42162,5,4
42165,5,3
42178,7,4
42183,0,8
42185,7,3
42203,7,4
42208,2,3
42210,7,4
42211,5,7
42216,8,1
42237,7,4
42255,0,2
42261,0,2
42263,6,2
42278,7,4
42284,4,2
42305,4,2
42316,5,3
42334,5,7
42346,1,8
42351,8,3
42355,0,2
42358,6,3
42371,5,3
42385,9,8
42387,5,3
42392,6,5
42393,0,2
42397,6,3
42429,1,9
42430,5,3
42436,5,3
42456,7,5
42477,9,8
42478,5,3
42479,2,4
42482,0,3
42495,7,4
42497,6,2
42526,9,1
42532,9,1
42553,4,6
42558,1,9
42568,5,7
42596,5,3
42621,6,3
42622,5,3
42623,2,5
42647,7,4
42648,1,9
42649,3,5
42654,6,2
42655,5,7
42658,4,7
42663,5,4
42664,7,4
42677,0,4
42678,7,4
42682,3,7
42683,0,6
42712,5,3
42713,6,4
42714,7,4
42718,6,1
42722,5,3
42727,7,4
42728,7,4
42745,8,2
42750,9,3
42758,6,3
42773,8,0
42780,6,2
42784,0,3
42792,6,3
42823,8,0
42829,7,2
42849,9,0
42854,4,2
42855,6,4
42857,6,4
42863,0,2
42880,5,2
42882,1,9
42884,2,6
42901,5,3
42902,3,5
42904,0,3
42905,3,6
42906,3,5
42922,6,3
42928,5,7
42932,4,2
42942,7,3
42956,7,4
42957,7,4
42958,1,9
42966,5,7
42975,1,5
42991,7,4
43008,5,7
43017,0,2
43020,7,5
43024,6,3
43025,7,5
43035,6,2
43044,7,5
43059,6,3
43060,6,2
43073,6,5
43080,6,4
43086,2,6
43099,2,0
43102,2,5
43109,6,4
43110,5,3
43116,3,7
43122,9,5
43125,3,5
43127,6,4
43129,0,2
43142,2,7
43145,1,0
43151,8,1
43160,7,4
43162,4,2
43174,7,4
43176,7,5
43179,1,9
43180,5,3
43193,7,4
43205,5,2
43207,0,6
43208,0,4
43224,6,7
43231,2,3
43233,2,3
43242,6,4
43244,4,2
43245,4,2
43255,5,3
43264,5,3
43270,8,1
43275,6,5
43276,6,0
43279,0,2
43286,0,2
43305,0,2
43307,7,5
43316,2,4
43337,7,6
43346,7,4
43348,6,4
43349,8,0
43359,6,2
43367,4,7
43372,5,3
43376,6,2
43387,7,4
43390,0,2
43402,9,8
43411,5,3
43419,4,5
43422,8,0
43436,4,5
43447,0,2
43452,8,4
43466,5,3
43487,8,0
43491,3,7
43500,5,7
43517,0,7
43519,8,7
43523,7,4
43530,7,5
43542,5,3
43544,6,2
43551,7,4
43555,6,2
43560,6,2
43573,8,0
43580,6,2
43583,7,4
43607,6,2
43622,7,4
43623,0,3
43624,5,3
43625,9,1
43626,7,4
43634,7,4
43638,7,4
43639,7,2
43640,2,6
43651,2,4
43654,5,3
43665,8,2
43679,6,2
43680,5,3
43684,9,0
43688,0,2
43694,7,4
43695,0,8
43697,2,3
43702,5,3
43712,7,5
43715,7,2
43717,1,8
43720,6,4
43732,2,5
43750,3,8
43755,7,6
43762,7,5
43771,7,4
43773,7,0
43793,6,4
43799,5,3
43802,7,3
43806,5,3
43811,4,5
43822,3,5
43829,9,3
43835,8,1
43836,0,3
43849,6,4
43852,1,9
43866,8,0
43885,3,6
43890,8,0
43903,1,5
43905,3,5
43929,7,4
43932,5,3
43935,8,0
43936,7,2
43951,7,4
43975,9,5
43976,5,3
43977,8,0
44000,4,2
44017,8,0
44019,6,3
44022,3,5
44034,3,5
44035,5,3
44048,6,2
44052,8,9
44063,6,3
44065,3,5
44079,7,5
44081,4,2
44093,8,3
44095,5,3
44099,0,2
44119,7,3
44129,9,3
44148,6,4
44160,2,5
44175,3,7
44179,4,2
44184,7,4
44185,9,1
44188,6,2
44207,9,8
44235,5,3
44242,5,2
44259,5,3
44270,0,2
44273,6,3
44277,7,3
44280,0,8
44283,5,2
44315,5,3
44316,7,4
44320,5,3
44322,4,2
44326,1,6
44328,4,2
44346,5,3
44361,6,2
44378,0,2
44397,1,9
44406,4,3
44419,2,6
44422,6,2
44424,4,7
44444,6,5
44450,7,4
44452,5,4
44473,1,0
44482,3,5
44489,7,5
44510,7,4
44521,5,2
44533,5,7
44534,7,2
44535,5,3
44548,8,0
44551,0,7
44560,6,2
44572,3,5
44573,7,4
44580,0,4
44598,5,2
44599,3,7
44605,3,5
44608,6,8
44621,1,9
44622,5,7
44631,5,3
44633,2,5
44634,7,3
44643,6,3
44644,6,3
44650,7,4
44651,5,7
44653,5,3
44668,6,5
44670,7,2
44676,5,3
44677,5,3
44698,3,7
44701,9,5
44708,7,0
44710,4,2
44714,5,3
44717,7,4
44725,7,5
44743,9,0
44783,3,5
44792,5,2
44800,2,4
44804,5,3
44809,8,7
44818,5,2
44826,4,5
44829,1,3
44838,1,9
44841,5,3
44846,0,2
44850,6,4
44857,7,4
44858,5,4
44859,7,4
44865,3,5
44882,7,4
44886,8,0
44891,7,5
44902,9,8
44903,2,7
44913,8,1
44914,7,5
44916,6,3
44931,6,4
44955,1,9
44957,6,2
44967,7,4
44979,7,0
44997,1,9